1048575
1048575
1048575
1048575
1048575
1048575
1048575
1048575
1048575
1048575
1048575
1048575
1048575
1048575
1048575
1048575
1048575
1048575
1048575
1048575
1048575
1048575
1048575
1048575
1048575
1048575
1048575
1048575
1048575
1048575
1048575
1048575
1048575
1048575
1048575
1048575
1048575
1048575
1048575
1048575
1048575
1048575
1048575
1048575
1048575
1048575
1048575
1048575
1048575
1048575
1048575
1048575
1048575
1048575
1048575
1048575
1048575
1048575
1048575
1048575
1048575
1048575
1048575
1048575
1048575
1048575
1048575
1048575
1048575
1048575
1048575
1048575
1048575
1048575
1048575
1048575
1048575
1048575
1048575
1048575
1048575
1048575
1048575
1048575
1048575
1048575
1048575
1048575
1048575
1048575
1048575
1048575
1048575
1048575
1048575
1048575
1048575
1048575
1048575
1048575
1048575
1048575
1048575
1048575
5532
5515
5514
5482
5509
5483
5494
5486
5480
5486
5479
5468
5504
5487
5490
5494
5475
5491
5487
1048575
1048575
1048575
1048575
1048575
1048575
1048575
1048575
1048575
1048575
1048575
1048575
1048575
1048575
10151
10128
10088
10146
10109
1048575
1048575
1048575
1048575
1048575
1048575
1048575
1048575
1048575
1048575
1048575
1048575
1048575
1048575
1048575
1048575
1048575
1048575
1048575
1048575
1048575
1048575
1048575
1048575
1048575
1048575
1048575
1048575
1048575
1048575
1048575
1048575
1048575
1048575
1048575
1048575
1048575
1048575
1048575
1048575
1048575
1048575
1048575
1048575
1048575
1048575
1048575
1048575
1048575
1048575
1048575
1048575
8818
1048575
1048575
1048575
1048575
1048575
1048575
1048575
1048575
1048575
1048575
1048575
1048575
1048575
1048575
1048575
1048575
1048575
8562
8678
1048575
1048575
1048575
1048575
1048575
1048575
1048575
1048575
1048575
1048575
1048575
1048575
1048575
1048575
1048575
1048575
1048575
1048575
1048575
1048575
1048575
1048575
1048575
1048575
1048575
1048575
1048575
8853
8893
8873
8869
8833
8835
8847
8817
8829
8794
8806
8804
8766
8774
8772
8754
8778
8756
8732
8721
8739
8706
8698
8706
8668
8648
8680
8669
8647
8642
8632
8615
8610
8589
8599
8581
8567
334
336
327
8582
8537
356
340
324
8517
241
286
343
308
326
339
316
308
305
336
363
344
348
310
371
297
325
298
347
306
344
317
346
337
325
341
361
336
355
327
327
342
363
303
376
348
358
374
343
366
344
380
376
358
349
390
337
391
343
358
346
365
337
343
357
364
331
369
375
383
369
352
359
378
375
368
402
406
411
401
387
422
464
473
546
590
615
636
592
621
643
662
626
659
660
699
662
654
635
693
645
638
658
636
640
663
662
680
648
633
658
651
666
630
637
660
634
672
653
653
629
631
636
664
635
636
673
663
626
633
641
648
660
618
636
630
644
673
666
646
658
667
657
633
666
634
651
652
661
665
649
699
633
666
638
652
633
637
668
640
669
678
655
653
650
650
658
653
650
661
641
646
639
638
641
634
637
664
651
632
655
642
665
657
650
658
646
678
647
651
661
656
654
656
670
648
651
646
662
632
660
657
660
656
647
658
644
655
656
650
661
650
657
653
659
654
659
667
668
661
643
656
659
656
654
654
668
652
655
662
656
651
643
650
653
660
644
652
660
635
654
647
650
654
649
647
637
641
650
642
645
643
663
641
637
649
651
642
628
647
629
641
632
636
625
638
627
628
631
635
637
624
622
640
629
638
629
621
635
619
627
639
614
627
621
626
633
626
595
618
606
628
638
612
622
630
627
603
627
623
619
605
613
620
624
620
620
612
620
598
620
625
611
597
614
609
597
614
594
612
603
600
604
596
597
606
607
594
619
597
607
614
602
613
607
585
596
611
595
611
591
597
605
610
603
590
592
593
595
597
598
585
598
598
587
575
595
600
573
598
580
594
582
591
596
578
602
584
576
585
602
596
573
588
577
592
589
577
599
600
584
597
595
590
599
583
570
581
590
581
575
584
583
580
580
571
581
579
592
551
580
581
564
574
575
575
587
582
598
577
581
576
567
576
564
572
578
560
577
572
575
569
565
581
578
561
576
572
559
583
571
578
592
570
558
576
568
574
586
573
573
579
569
573
573
581
584
577
560
576
564
569
592
571
569
562
573
563
562
565
560
579
573
585
572
562
564
579
571
565
570
563
564
576
579
577
563
562
552
564
564
573
601
574
581
561
563
567
558
578
558
578
577
565
578
567
582
580
574
579
588
575
569
578
569
581
578
565
578
577
576
583
586
575
578
581
569
570
567
573
577
573
582
581
573
580
586
574
575
582
568
581
583
577
581
578
572
583
585
554
580
578
584
593
584
591
583
596
585
605
587
600
593
581
571
595
577
592
573
582
591
569
591
591
607
597
587
597
587
572
592
591
594
585
592
595
587
613
591
592
593
595
610
600
603
579
594
608
602
599
590
596
599
596
592
599
619
599
596
592
593
605
584
618
611
608
608
605
616
622
592
619
610
604
602
602
611
603
600
602
618
622
612
612
594
610
624
606
610
601
607
602
608
619
587
597
594
609
627
592
612
605
621
608
631
593
593
619
602
626
599
603
611
601
578
620
584
586
565
581
569
590
574
590
567
584
564
565
583
568
573
572
580
563
562
579
581
579
556
561
573
571
559
552
556
531
558
535
517
526
528
514
508
533
516
516
513
513
511
528
520
506
523
514
529
518
508
519
511
511
530
524
508
513
523
516
514
507
496
516
512
508
508
503
499
509
503
510
507
509
516
503
502
517
507
506
503
495
512
514
501
504
510
503
506
492
494
506
496
504
512
503
493
507
500
504
487
512
496
491
500
494
506
493
479
500
488
485
479
498
492
480
487
476
498
477
505
493
485
496
468
477
489
475
496
483
493
472
486
482
475
488
470
485
478
478
480
479
471
470
478
476
461
485
477
480
474
474
497
463
463
458
479
461
479
472
476
481
476
469
460
500
473
462
468
478
483
474
490
476
458
484
486
465
473
458
470
459
466
467
467
480
478
472
466
457
464
480
472
454
476
455
465
457
488
467
464
475
472
466
468
467
456
489
456
478
485
470
490
479
459
481
486
455
477
477
468
472
479
488
459
479
471
483
489
467
477
485
467
482
480
459
485
465
475
471
481
479
471
459
466
489
491
470
482
490
477
465
491
477
484
492
482
491
501
491
493
483
471
473
498
478
492
489
482
504
498
495
510
488
505
484
502
489
502
498
511
489
481
486
490
500
491
503
501
528
549
541
561
569
565
588
586
602
635
647
630
659
664
676
698
703
695
683
683
701
729
724
683
752
755
740
758
734
774
440
429
448
450
469
468
474
453
456
466
462
451
451
419
411
400
463
420
393
401
394
366
455
402
461
1607
1619
1611
1621
1616
1619
1610
1617
1629
1611
1631
1618
1624
1621
1623
1615
1636
1622
1618
1627
1638
1630
1638
1635
1627
1677
1684
1733
1789
1805
1821
1831
1832
1847
1854
1842
1845
1848
1860
1858
1867
1870
1873
1878
1870
1887
1889
1901
1887
1884
1906
1909
1904
1908
1908
1929
1958
1979
2025
2017
2039
2099
2133
2184
2235
1999
2021
3065
3052
3032
3042
3031
3017
3042
3036
3048
3064
3052
3046
3052
3044
3053
3061
3054
3059
3058
3048
3058
3047
3059
3055
3073
3059
3082
3078
3083
3097
3099
3103
3122
3117
3116
3122
3107
3101
3104
3074
3085
3101
3122
3391
3490
3462
2992
3139
4420
4432
4432
4433
4434
4443
4433
4446
4445
4448
3010
2956
2955
2953
2967
2948
2956
2923
2966
2956
2950
2944
2967
2956
2958
2944
2948
2951
2944
2936
2965
2958
2934
2956
2950
2963
2925
2935
2944
2910
2879
2901
2878
2887
2875
2885
2891
2851
2904
2902
1048575
1048575
1048575
1048575
1048575
1048575
1048575
1048575
1048575
3781
3793
3757
3791
3789
3786
3781
3776
3787
3787
3783
3784
3780
3772
3790
3784
3782
3796
3776
3816
3788
3760
3804
3779
3781
3795
3750
3757
3792
3767
3734
3750
3715
3702
3699
3696
3571
3381
3292
3263
3280
3263
3270
3277
3272
3275
3278
3291
3319
3331
3322
3326
3304
3292
3285
3277
3287
3285
3285
3285
3284
3285
3293
3313
3543
3715
3731
3667
3627
3624
3605
3619
3617
3596
3606
3604
3578
3586
3588
3579
3562
3601
3581
3571
3569
3555
3562
3558
3558
3579
3566
3562
3554
3567
3540
3565
3538
3536
3542
3544
3547
3627
3681
3710
3711
3746
3751
5834
5817
5777
5766
5768
5746
5729
5707
5683
5691
5664
5660
5613
5624
5598
5573
5567
5570
5532
5528
5502
5505
5494
5494
5479
5493
5474
5490
5482
5493
5505
5507
5500
5508
5480
5496
5497
5509
5529
5485
2579
2584
2555
2556
2536
2548
2553
2539
2533
2539
2523
2533
2537
2520
2520
2518
2507
2505
2525
2518
2522
2503
2512
2508
2501
2505
2501
2498
2505
2507
2496
2506
2494
2501
2505
2506
2504
2492
2507
2503
2490
2501
2499
2496
2513
2502
2506
2509
2510
2525
2511
2530
2528
2540
2537
2526
273
228
271
248
252
292
251
269
260
243
263
262
251
253
298
238
322
262
241
275
227
268
257
276
253
287
277
272
281
267
281
278
304
253
279
290
295
295
255
267
285
279
259
307
294
279
276
279
263
278
246
274
277
280
276
293
274
260
270
265
281
272
294
262
278
302
303
285
301
290
251
304
286
263
281
254
276
281
276
288
258
295
263
282
268
265
263
293
309
282
288
253
293
276
290
273
283
290
268
282
291
278
280
302
291
258
270
280
273
264
301
295
268
299
288
273
270
293
254
281
265
270
275
293
279
279
295
274
285
268
301
302
295
277
276
280
262
280
297
280
282
281
263
262
294
273
287
264
265
272
289
270
294
281
279
280
272
293
277
282
290
290
274
302
255
284
306
260
294
296
277
261
306
274
276
284
282
268
288
273
283
308
267
272
257
273
285
272
296
288
276
275
281
278
293
261
270
273
282
275
272
255
301
282
259
279
262
274
293
278
280
280
255
289
279
282
290
282
296
267
300
268
296
272
261
276
286
292
284
298
286
280
300
277
274
318
278
312
279
279
278
303
284
293
288
289
307
280
272
307
263
255
296
276
264
282
302
285
287
273
306
288
263
298
303
266
280
291
287
270
304
297
301
294
287
287
273
288
305
276
287
296
278
268
303
301
274
271
288
289
265
289
284
286
270
289
306
302
289
286
283
295
281
283
281
274
291
319
284
284
308
305
285
290
298
274
268
267
290
310
308
300
300
294
261
294
297
270
292
292
300
302
290
296
305
301
289
304
299
294
285
297
279
287
273
307
302
303
321
286
299
298
297
308
312
303
321
300
287
305
292
310
287
299
281
288
301
295
293
316
295
305
280
299
292
298
280
281
300
318
302
317
312
320
310
293
286
290
311
318
312
303
289
294
296
297
311
306
315
320
298
314
301
279
307
301
295
301
314
301
293
299
292
304
304
311
300
293
294
299
306
292
320
308
314
317
307
310
306
292
301
300
306
308
311
296
310
295
304
282
310
301
326
302
311
315
301
324
338
323
308
325
311
301
304
317
316
293
330
310
305
317
303
312
320
324
308
309
306
327
337
320
317
325
326
313
312
328
316
339
334
333
304
316
298
340
306
322
305
333
330
312
299
312
336
308
343
309
331
331
327
341
318
331
313
336
337
350
301
330
324
321
324
346
307
347
309
305
328
313
299
313
349
320
317
348
338
311
331
316
312
305
315
314
311
340
328
321
331
343
304
341
341
339
327
334
327
334
353
334
365
331
347
326
312
306
345
318
345
345
347
323
339
343
329
310
332
324
325
343
306
338
340
331
329
343
313
334
301
314
328
339
333
324
332
337
323
347
321
340
324
352
330
346
329
329
316
364
318
332
324
328
328
322
331
319
334
328
334
320
347
338
324
322
329
361
349
323
323
340
302
323
320
344
306
301
325
344
374
526
529
525
555
552
567
579
546
522
553
565
539
559
531
553
545
557
533
550
542
502
507
517
510
503
478
477
449
426
406
385
368
355
361
351
352
346
345
347
352
348
337
355
345
344
344
346
349
333
341
329
339
332
344
336
333
324
340
358
340
315
336
353
333
335
346
326
332
336
340
309
348
333
316
342
336
329
324
324
318
337
331
328
335
322
329
350
321
316
322
325
309
329
333
327
321
332
343
320
343
330
322
331
313
324
317
330
301
333
335
317
319
322
325
323
315
308
318
328
320
336
325
318
317
325
321
320
327
317
311
318
318
311
306
320
330
309
322
322
310
328
326
320
315
310
315
311
303
324
314
322
320
317
315
319
315
321
314
319
321
322
317
314
316
313
308
319
305
304
316
311
312
309
313
314
306
320
303
312
310
318
318
304
302
295
315
312
307
308
300
290
311
293
329
312
312
315
297
302
299
283
312
310
300
304
305
313
307
310
314
305
306
295
305
320
302
298
297
302
297
312
305
297
305
301
313
292
307
308
305
304
306
306
299
299
301
290
308
294
307
304
299
300
305
303
297
283
302
312
303
328
287
295
293
309
305
302
292
297
298
293
303
295
299
310
310
297
287
295
304
292
307
304
305
295
291
298
295
307
299
282
302
284
303
295
286
304
308
293
295
294
294
294
285
290
285
295
307
277
284
287
284
291
284
300
285
288
273
290
288
293
286
291
290
286
297
289
303
269
283
289
275
278
268
273
292
283
270
275
276
270
290
279
297
298
271
285
283
288
288
271
292
279
287
289
272
270
303
270
287
279
270
282
284
283
290
281
281
276
302
280
272
287
295
271
265
277
301
275
285
282
281
270
298
277
282
284
282
283
264
274
270
298
274
263
272
290
290
280
289
269
292
276
285
271
273
274
283
280
275
288
279
270
290
266
280
280
270
287
271
273
269
280
279
269
258
275
292
271
273
292
279
273
265
265
276
262
273
265
272
284
254
277
272
275
269
273
290
261
270
271
269
272
266
273
296
272
268
283
264
274
264
270
271
268
268
262
277
267
285
268
270
258
288
271
268
292
268
279
261
275
266
272
274
260
259
277
269
272
268
283
266
283
273
265
275
281
272
271
275
261
277
283
270
263
274
269
272
266
264
289
278
273
273
281
275
268
277
279
268
274
274
271
294
292
272
296
279
280
263
297
280
276
286
292
304
296
279
310
291
289
302
296
311
297
288
292
319
304
303
310
298
308
299
304
315
314
305
322
336
317
312
319
306
289
318
319
317
338
321
348
312
333
328
331
314
334
329
321
319
337
336
340
333
329
346
333
355
346
354
342
350
352
353
355
362
349
345
351
362
362
354
351
354
359
350
350
366
358
375
388
371
352
370
370
361
368
393
376
392
363
376
385
397
381
385
383
385
379
388
399
386
409
405
403
412
409
397
407
406
402
414
425
413
432
424
425
427
428
419
447
429
413
438
438
447
442
435
460
450
458
458
458
460
455
462
462
491
480
496
515
522
526
533
521
533
530
538
519
546
520
536
533
535
525
527
552
531
527
531
556
542
549
543
554
555
546
530
564
533
535
561
549
536
566
559
551
547
569
561
568
570
589
570
568
580
561
577
579
555
586
566
575
579
571
577
571
601
556
576
581
591
575
591
566
603
596
594
581
582
581
602
589
585
595
582
600
594
591
584
590
598
589
627
611
607
612
617
606
612
607
610
609
606
592
622
625
621
613
604
597
628
636
623
613
628
637
635
634
624
608
636
636
628
632
639
620
652
643
659
639
644
656
667
643
645
644
651
671
654
673
677
689
650
671
679
694
657
666
667
692
699
698
684
689
671
697
715
708
712
703
683
699
715
720
683
702
716
707
715
736
690
719
733
713
718
685
718
729
704
724
735
735
729
742
721
735
716
757
743
732
743
740
744
748
757
767
755
768
766
766
749
756
753
780
743
777
784
791
772
773
782
776
773
770
797
765
776
808
793
801
806
887
906
941
1032
1059
1149
822
1945
1962
1967
1949
1956
1952
1959
1955
1934
1920
1902
1916
1918
1905
1926
1899
1922
1914
1909
1903
1926
1914
1918
1919
1917
1919
1907
1913
1916
1923
1921
1925
1911
1917
1920
1914
1937
1925
1915
1927
1931
1921
1920
1918
1925
1928
1932
1931
1898
1917
1929
1921
1934
1925
1914
1925
1936
1974
1961
1973
1962
2010
1982
1972
1983
1960
1981
2018
2002
1997
2009
2008
1974
1983
1995
2008
2002
2012
2011
2007
2013
1978
2092
2011
1048575
1048575
1048575
1048575
1048575
2041
2008
1048575
1988
2022
1048575
2008
2056
1955
2076
2027
2007
2002
1997
1048575
1048575
1048575
1972
2064
1991
2053
2093
2054
2032
2016
2051
2018
2072
2078
2080
2120
2174
2194
2173
2197
2192
2205
2221
2255
2267
2290
2279
2290
2281
2274
2294
2304
2300
2312
2302
2296
2292
2260
2276
2240
2238
2241
2232
2235
2246
2197
2241
2217
2226
2209
2190
2160
2074
2058
1048575
1048575
1048575
1048575
1048575
2007
1048575
2019
1048575
1048575
1048575
1048575
1048575
1048575
2123
1048575
1048575
1048575
1048575
1048575
1048575
1048575
1048575
1048575
1048575
1048575
1048575
1048575
4420
4434
4429
4460
4474
4465
4506
4471
4522
4515
4495
4523
4526
4507
4555
4524
4564
4556
4555
4544
4538
4539
4565
4576
4578
4549
4583
4574
4576
4577
4605
4613
4587
1048575
1048575
1048575
1048575
1048575
1793
1713
1698
1670
1679
1660
1654
1649
1635
1637
1613
1622
1639
1630
1623
1617
1584
1533
1547
1536
1523
1520
1452
1324
1261
1218
1179
1145
1119
1080
1074
1074
1067
1063
1076
1072
1062
1059
1080
1066
1076
1088
1087
1083
1089
1096
1083
1086
1100
1098
1078
1095
1087
1087
1085
1085
1089
1089
1111
1103
1115
1127
1100
1122
1103
1107
1066
1078
1080
1084
1092
1049
1067
1066
1063
1071
1073
1093
1077
1066
1066
1050
1062
1072
1073
1058
1070
1081
1090
1082
1080
1077
1079
1084
1082
1076
1074
1064
1052
1061
1073
1056
1057
1059
1069
1068
1065
1068
1065
1068
1067
1051
1038
1080
1064
1057
1054
1042
1044
1062
1067
1064
1090
1114
1153
1217
1329
1402
1550
1570
1594
1623
1652
1616
1581
1604
1562
1524
1463
1292
1198
1178
1172
1174
1181
1191
1157
1144
1008
920
904
894
899
889
895
891
892
888
874
886
888
896
885
888
888
890
895
903
895
876
890
844
879
895
841
864
861
865
873
858
854
863
864
855
837
846
852
861
863
861
848
855
854
860
859
857
866
855
837
853
856
864
872
849
858
861
851
844
847
838
862
866
855
842
863
858
867
868
849
861
868
857
868
868
878
898
901
945
949
950
939
956
923
959
968
954
1048575
1048575
1048575
1048575
1048575
1048575
1048575
1048575
1048575
1048575
1048575
1048575
1048575
1048575
1048575
1048575
7216
7133
7149
7137
1048575
7134
7117
1048575
7167
1048575
1048575
7171
1048575
1048575
1048575
1048575
1048575
1048575
1048575
1048575
1048575
929
1048575
941
890
896
922
940
900
1048575
933
855
895
1048575
1048575
1048575
2589
2549
2588
2561
2569
2542
2544
2560
2550
2539
2562
2539
2536
2530
2511
2521
2523
2516
2511
2471
2471
2462
2452
2456
2462
2447
2420
2376
2381
2383
2365
2369
2374
2375
2370
2349
2357
2364
2366
2349
2347
2341
2345
2352
2354
2362
2358
2368
2374
2370
2364
2364
2363
2381
2354
2358
2351
2358
2357
2362
2377
2356
2376
2371
2379
2375
529
551
481
542
528
557
547
524
531
560
540
521
566
553
520
545
541
550
541
549
560
769
779
772
766
748
707
761
727
698
636
612
625
608
611
611
581
586
590
577
583
586
579
580
591
569
564
575
575
581
581
587
567
567
580
564
552
560
573
576
570
572
553
563
575
553
557
569
569
567
579
576
560
567
570
561
556
563
581
542
560
566
554
540
546
540
548
547
553
562
547
566
545
546
544
565
552
561
546
548
542
537
540
525
547
542
544
542
552
547
534
538
531
563
553
537
536
554
543
544
542
538
539
538
529
543
514
533
526
546
553
514
535
529
523
532
534
530
526
527
524
514
518
525
528
515
519
515
537
511
512
516
520
521
511
513
534
510
513
523
525
493
510
498
501
516
503
508
514
520
513
503
521
516
513
506
496
516
508
510
533
516
509
510
510
507
497
501
505
503
511
507
506
508
498
501
512
503
512
512
500
497
516
506
508
531
518
499
503
514
505
512
507
528
507
501
516
505
510
506
531
526
528
513
520
528
512
507
529
537
529
530
533
524
527
529
530
542
540
528
529
539
533
517
532
516
538
534
532
543
529
523
526
555
529
533
539
533
547
533
556
541
531
552
531
560
553
547
551
551
544
558
544
551
539
577
548
538
552
547
572
553
545
563
550
559
570
565
550
560
565
561
558
548
561
558
548
559
557
563
559
566
567
575
556
549
568
565
581
567
562
567
561
563
572
578
576
571
590
589
569
583
579
578
572
592
591
578
581
565
588
579
587
590
610
588
602
580
581
591
592
584
618
612
573
598
598
585
605
613
602
604
606
621
604
606
600
586
613
614
612
617
608
620
621
616
612
619
634
617
603
622
623
604
608
634
616
639
643
628
644
644
642
624
652
643
620
625
614
645
639
646
654
638
650
636
629
637
651
648
642
653
656
645
646
660
641
669
660
645
635
673
660
663
660
660
657
658
672
668
655
672
683
661
661
681
674
672
679
668
675
671
699
677
687
678
676
681
675
688
677
694
681
692
696
686
697
694
689
681
700
716
707
717
725
718
693
709
709
704
722
716
716
714
742
719
718
722
729
727
730
744
759
791
798
842
875
950
1002
1036
1055
1093
1152
1110
1134
1161
1193
1170
1218
1222
1160
1227
1253
1253
1278
1278
1242
1261
1288
1291
1280
1224
1243
1233
1162
1241
1187
1194
1179
1254
1164
1183
1143
1198
1182
1199
1170
1147
1131
1169
1168
1160
1189
1168
1152
1121
1144
1089
1131
1147
1126
1133
1127
1132
1083
1083
1091
1099
1100
1099
1078
1099
1056
1073
1069
1083
1066
1050
1063
1080
1088
1052
1058
1067
1083
1083
1041
1070
1052
1079
1052
1078
1091
1026
1042
1034
1086
1099
1073
1109
1095
1091
1113
1072
1143
1116
1115
1115
1114
1126
1122
1102
1089
1113
1096
1077
1124
1138
1137
1134
1081
926
879
897
894
889
857
884
868
847
858
836
847
834
821
828
820
819
804
803
816
809
810
821
795
790
796
811
808
811
821
774
803
791
808
806
786
814
804
809
810
815
801
813
793
803
797
820
811
824
808
795
824
822
842
808
835
821
816
822
807
800
823
825
818
810
809
806
800
809
817
817
820
784
792
785
808
786
801
805
792
783
796
792
792
796
797
808
789
799
790
793
812
792
798
810
792
813
792
791
815
806
798
789
791
800
801
804
794
804
797
830
830
825
822
825
839
808
828
841
822
821
854
813
2982
2975
3000
2975
2984
2999
2960
2972
2997
3000
2960
2959
2997
2984
2971
2957
2932
2968
2976
2998
2963
2967
2966
2973
2994
2977
2962
2956
2952
2959
6103
6125
6154
6149
6165
6203
6200
6242
809
6279
6292
6307
6322
6346
6369
766
793
6422
795
708
810
787
763
704
746
699
776
713
768
735
767
754
775
737
723
745
768
769
750
775
781
762
758
742
750
746
772
754
752
769
752
765
752
755
753
733
752
768
762
782
778
802
782
770
790
793
801
820
836
821
890
847
907
817
796
776
774
798
790
786
799
799
806
843
913
978
1020
1033
1013
1025
1017
1025
1028
1021
1027
1049
1043
1034
1058
1044
1055
1057
1044
1051
1085
1066
1086
1086
1099
1107
1091
1086
1090
1099
1092
1092
1080
1076
1067
1050
1022
1009
1032
1025
1015
1019
1024
1028
1044
1036
1016
1011
1023
1016
1050
1029
1025
1031
1034
1048
1051
1029
1030
1048
1028
1036
1036
1039
1049
1040
1023
1041
1033
1030
1025
1045
1022
1030
1044
1020
1041
1050
1034
1039
1044
1061
1026
1031
1041
1053
1047
1034
1046
1031
1031
1037
1029
1046
1051
1045
1031
1038
1042
1026
1021
1041
1042
1041
1033
1057
1027
1035
1023
985
980
819
874
723
715
687
669
616
601
555
507
430
448
421
425
387
379
354
364
341
384
342
343
361
341
344
336
335
346
342
344
332
305
318
338
306
336
318
309
307
298
307
300
315
303
4847
4864
4860
4854
4865
4861
4867
4863
4847
4851
4855
4850
4863
4864
4850
4839
4865
4854
4848
4866
4865
4863
4854
4866
4856
4846
4861
4850
4849
4847
4863
4850
4844
4857
4849
4859
4853
4851
4856
4856
4851
4857
4857
4868
4860
4842
4845
4859
4867
4859
4861
4860
4851
4857
4845
4854
4855
4860
4854
4861
4855
4854
4860
4851
4854
4839
4869
4848
4853
4871
4857
4857
4853
4857
4863
4845
4856
4847
4853
4855
4854
4834
4835
3762
3779
3737
4296
4207
4098
3903
3856
3833
3823
3809
3801
3797
861
3821
826
3811
780
793
840
811
843
790
828
807
831
826
790
796
818
789
821
806
820
838
883
915
935
904
896
915
901
871
866
826
824
820
816
822
823
810
806
813
812
810
818
802
799
819
817
806
801
806
806
803
765
791
795
800
797
803
807
806
783
810
800
814
802
813
786
803
813
791
802
788
799
796
812
796
793
804
795
807
778
793
786
786
813
808
798
792
789
805
811
808
801
809
795
803
797
816
790
769
803
799
777
788
792
796
784
804
801
811
794
804
821
800
3762
3764
3780
3780
3755
3766
3765
3777
3763
3768
3772
3777
3772
3776
3772
3781
3789
3779
3789
3786
3783
3789
3768
3783
3772
3785
3774
3773
3783
3793
3790
3777
3794
3791
3770
3786
3785
3780
3782
3793
3783
3797
3777
3793
3783
3795
3793
3780
3787
3802
3784
3792
3804
3790
3806
3802
3797
3785
3794
3796
3798
3794
3804
3792
3783
3793
3790
3811
3797
3804
3803
3812
3806
3800
3806
3807
3806
3810
3799
3798
3813
3817
3807
3811
3814
3808
3815
3822
3807
3821
3816
3810
3809
3813
3816
3808
3828
3823
3822
3822
3807
3823
3822
3824
3827
3833
3826
3801
3820
3830
3816
3835
3832
3834
3834
3847
3826
3841
3824
3831
3826
3842
3831
3844
3836
3844
3824
3848
3828
3834
3835
3849
3835
3850
3851
3843
3845
3843
3843
3846
3851
3852
3854
3864
3844
3856
3865
3843
3853
3871
3860
3863
3854
3854
3870
3866
3865
3859
3854
3866
3864
3880
3857
3874
3867
3880
3861
3871
3867
3875
3889
3872
3877
3885
3872
3886
3884
3882
3880
3880
1547
1581
1582
1575
1544
1451
1374
1319
1290
1293
1287
1284
1274
1277
1275
1255
1275
1262
1260
1259
1252
1262
1257
1246
1246
1246
1240
1238
1222
1178
1199
1048
1147
979
959
976
986
893
876
910
785
861
848
852
820
798
785
806
747
724
707
713
676
662
607
552
556
541
541
527
532
551
536
539
538
525
539
546
528
544
552
547
544
537
557
538
513
535
545
532
540
555
549
541
556
559
545
554
539
554
541
536
539
549
544
548
546
551
543
549
528
539
535
537
520
542
528
519
548
517
526
539
590
613
644
643
636
654
654
661
666
669
682
656
650
661
634
613
568
568
533
528
505
527
531
526
524
526
533
541
551
538
527
536
546
545
535
553
540
539
537
531
524
550
545
541
535
545
544
546
570
552
543
541
554
530
552
542
534
553
544
519
537
546
538
543
557
547
547
540
543
545
543
565
559
561
559
598
648
665
698
720
700
704
742
745
753
753
758
784
801
772
773
818
819
778
791
797
797
821
829
795
790
807
815
796
834
849
846
830
848
818
817
821
830
843
788
830
827
818
797
843
836
798
770
833
810
838
813
827
797
815
844
815
816
830
843
813
817
840
818
814
814
834
828
829
832
845
829
860
845
793
813
839
864
848
814
827
840
836
853
853
855
828
835
861
844
862
851
856
854
821
847
882
851
880
872
840
874
914
886
882
851
822
891
907
855
870
881
909
881
890
906
930
915
896
912
917
928
921
882
941
908
960
946
933
912
916
929
969
1032
980
931
1046
1090
981
1014
983
958
1024
602
528
1077
431
1443
1077
498
1462
1450
1456
545
494
1452
332
477
1494
522
1477
1463
1491
506
1494
1512
1505
1485
1500
1500
1489
514
486
1486
1471
1487
1489
1469
505
1492
1484
1465
510
1471
1456
1458
1094
1454
1468
488
1472
1467
1476
1471
415
1481
1474
1462
1473
1468
577
1467
1445
1462
1469
1438
1451
1462
1471
1486
1474
1456
1462
1474
1454
1458
422
1466
1472
1478
1474
1454
1477
1452
1459
1471
1470
1464
1463
1464
1475
1473
1467
1477
1461
1479
1477
1483
1487
1465
1479
1472
1485
1481
1474
1466
1480
1459
1485
1480
1466
1486
1472
1462
1476
1456
1465
1468
1465
637
1474
1459
1434
1451
1210
1454
1044
1114
1175
1196
1133
1101
1117
995
1069
1045
1061
1025
1030
992
978
933
945
885
820
783
766
783
731
736
723
740
754
734
723
740
735
748
717
734
705
732
729
737
697
720
733
711
745
684
724
725
716
724
734
725
718
766
746
721
755
720
724
736
712
719
724
732
720
716
729
725
730
732
716
752
730
746
736
724
736
732
722
725
744
700
734
744
736
733
735
723
728
725
720
733
707
734
748
736
745
737
740
715
744
737
756
734
729
751
741
727
738
719
749
744
753
734
740
720
731
730
729
752
728
722
754
764
757
736
741
731
756
758
756
719
721
707
771
745
757
762
740
742
736
734
754
750
743
779
775
777
743
740
765
772
748
758
778
786
730
798
749
778
784
726
762
713
5399
771
5394
5402
5416
5432
5422
5424
5436
5435
5444
5452
5459
5452
5464
5479
5461
5476
5464
5485
5498
5501
5505
5502
5514
5514
5523
5541
5527
5540
5547
5552
5569
5568
5561
5575
5590
5578
5581
5602
5606
5603
5611
5620
5624
5634
5625
5648
5645
5647
5648
5660
5655
5668
5673
5683
5681
5687
5708
5716
5700
5706
5722
5727
5740
5742
5742
5745
5767
5751
5762
5759
5794
5790
5793
5794
5797
5805
5817
1048575
1048575
1048575
1048575
1048575
1048575
1048575
1048575
1048575
1048575
1048575
1048575
1048575
1048575
1048575
1048575
1048575
1048575
1048575
1048575
1048575
1048575
1048575
1048575
1048575
1048575
1048575
1048575
1048575
1048575
1048575
1048575
1048575
1048575
1048575
1048575
1048575
1048575
1048575
1048575
1048575
1048575
1048575
1048575
1048575
1048575
1048575
1048575
1048575
1048575
1048575
1048575
1048575
1048575
1048575
1048575
1048575
1048575
1048575
1048575
1048575
1048575
1048575
1048575
1048575
1048575
1048575
1048575
1048575
1048575
1048575
1048575
1048575
1048575
1048575
1048575
1048575
1048575
1048575
1048575
1048575
1048575
1048575
1048575
1048575
8159
8123
1048575
1048575
8227
8225
8226
1001
1062
1072
1071
1041
1047
1033
974
992
993
1058
1007
990
1027
944
1037
989
881
973
889
852
817
789
795
751
725
702
678
713
694
666
670
660
648
685
669
646
643
642
647
657
640
639
620
622
627
598
618
630
642
629
652
637
647
640
623
629
605
586
558
544
506
475
468
460
463
448
447
434
455
416
461
442
444
447
445
436
448
453
431
422
428
413
428
433
436
433
432
428
435
445
418
422
429
421
428
439
433
420
434
440
424
436
424
428
439
436
430
442
445
430
424
449
416
431
419
407
413
421
429
435
430
431
428
413
410
420
440
416
442
456
459
456
469
464
474
473
460
474
469
492
481
497
483
492
474
479
477
483
484
484
474
481
472
473
457
467
471
467
476
483
471
493
473
465
459
463
472
450
454
455
454
474
471
438
468
455
469
465
473
467
489
482
475
477
465
471
475
432
462
453
1048575
1048575
1048575
1048575
1048575
1048575
1048575
1048575
1048575
1048575
1048575
1048575
1048575
1048575
1048575
1048575
1048575
1048575
1048575
1048575
1048575
1048575
1048575
1048575
1048575
1048575
1048575
1048575
1048575
1048575
278
332
314
327
298
316
328
341
340
322
359
339
339
334
340
329
355
326
288
317
281
300
289
1048575
1048575
1048575
1048575
1048575
1048575
1048575
1048575
1048575
1048575
1048575
1048575
1048575
1048575
1048575
1048575
1048575
1048575
1048575
1048575
1048575
1048575
1048575
1048575
295
337
380
347
399
382
376
373
391
369
399
404
377
383
371
377
374
373
409
374
348
320
1048575
1048575
1048575
1048575
1048575
1048575
4993
1048575
4943
1048575
4989
4937
1048575
4898
4887
4874
4903
4912
4927
4883
4899
4860
4920
4907
4894
4889
4899
4900
4888
4904
4887
4888
4887
4909
4914
4868
4856
4883
4860
4897
4848
4877
4894
4881
4895
4859
4885
4856
4841
4897
4847
4864
4835
4840
4864
4897
4818
4867
4838
4823
4826
4827
4839
4851
4834
4837
4831
4827
4821
4830
4855
4799
4826
4840
4849
4823
4812
4818
4849
4825
4858
4804
4811
4819
4802
4800
4816
4821
4825
4812
4803
4828
4804
4806
4825
4813
4807
4800
4828
4813
4795
4815
4782
4778
4801
4796
4806
4791
4768
4788
4797
4778
4797
4784
4801
4790
4810
4782
4801
4784
4781
4763
4771
4786
4769
4772
4745
4764
4765
4760
4758
4737
4765
4780
4760
4768
4757
4736
4737
4757
4735
4741
4750
4745
4749
4747
4749
4735
4774
4717
4741
4724
4754
4723
4722
4747
717
654
695
691
700
704
699
696
702
699
700
696
673
682
705
673
724
705
699
708
765
798
1048575
1048575
1048575
696
713
709
724
729
717
752
748
733
746
711
716
737
697
741
761
733
757
767
761
777
761
749
765
714
743
786
749
753
746
827
760
724
803
755
798
776
791
766
779
810
741
765
781
792
805
765
776
805
800
816
728
770
798
817
791
808
798
817
809
775
814
794
835
811
812
809
833
797
823
836
800
865
825
853
814
831
810
837
774
813
823
856
891
802
818
833
846
802
802
825
886
934
856
844
875
879
830
892
881
829
859
878
869
871
855
909
920
855
919
926
880
863
902
884
897
902
902
929
886
907
907
902
901
900
951
923
1004
915
930
912
916
988
933
963
898
937
898
887
924
980
968
927
943
966
937
1048575
899
988
925
990
1048575
1030
933
989
1048575
1053
1017
1048575
1048575
939
1017
1048575
961
985
1032
1048575
1048575
933
1048575
978
1002
1048575
1068
1012
1012
942
935
1011
1009
1030
1001
1037
1042
999
990
966
1017
1013
1019
1009
1045
1003
1013
1011
1002
1006
1014
1011
1029
1022
1034
1013
1038
1018
1043
1049
4401
4450
4410
4421
4412
4406
4401
4393
4395
4393
4387
4377
4367
4369
4378
4387
4365
4361
4376
4363
4362
4359
4365
4377
4372
4364
4373
4379
4365
4365
4335
4338
4346
4349
4330
4365
4373
4383
4374
4376
4379
4385
4394
4369
4377
4388
4374
4369
4369
4376
4379
4396
4376
4390
4393
4402
4430
4427
4431
4431
4434
4459
4448
4447
4445
4475
4448
4467
4460
4462
4465
4466
4483
4475
4476
4468
4473
4502
4495
4521
4476
4524
4474
4482
4522
4500
4519
4509
4532
4488
4522
4501
4527
4514
4512
4527
4511
4530
4526
4489
4517
4515
4538
4512
4507
4501
4523
4506
4533
4513
4510
4479
4488
4485
4480
4454
4453
4445
4454
4464
4457
4459
4455
4466
4456
4447
4403
4362
4379
4378
4368
4375
4373
4336
4342
4328
4325
4331
4328
4331
4336
4334
4320
4340
4333
4327
4334
4342
4317
4337
4335
4346
4349
4434
4564
4613
4621
4626
4618
4627
4624
4628
4626
4646
4636
4626
4635
4634
4624
4635
4638
4635
4635
4633
4627
4646
4652
4644
4632
4638
4648
4651
4649
4637
4641
4646
4631
4648
4641
4646
4650
4653
4636
4652
4640
4648
4650
4651
4635
4659
4666
4637
4652
4649
4649
4654
4658
4647
4663
4652
4646
4660
4659
4667
4674
4666
4658
4663
4671
4669
4665
4663
4667
4676
4661
4674
4672
4664
4686
4663
4665
4665
4669
4691
4676
4676
4674
4671
4674
4686
4679
4679
4677
4674
4691
4672
4687
4693
4685
4683
4693
4691
4685
4686
4695
4694
4672
4691
4687
4684
4689
4685
4690
4698
4712
4717
4705
4693
4693
4717
4707
4700
4697
4710
4697
4709
4709
4712
4712
4705
4723
4708
4704
4715
4722
4726
4709
4721
4715
4721
4735
4716
4738
4720
4731
4730
4729
4731
4733
4734
4723
4723
4733
4746
4744
4748
4741
4738
4749
4739
4737
4746
4748
4740
4745
4748
4739
4747
4748
4737
4742
4746
4760
4759
4762
4756
4759
4772
4751
4762
4768
4755
4757
4774
4768
4772
4782
4766
4758
4756
4790
4775
4766
4789
4781
4784
4782
4773
4778
4788
4792
4789
4795
4789
4787
4800
4788
4799
4806
4793
4810
4790
4807
4803
4788
4797
4796
4800
4820
4809
4803
4827
4814
4820
4811
4829
4824
4815
4837
4826
4814
4826
4829
4823
1168
4833
1129
1095
1099
1131
1072
1123
1109
1107
1113
1084
1097
1092
1096
1069
1042
1070
1065
1090
1096
1085
1088
1077
1098
1052
1082
1089
1082
1092
1088
1095
1082
1076
1067
1083
1092
1065
1073
1073
1073
1066
1056
1066
1058
1062
1063
1064
1057
1046
1010
1034
1026
1050
1041
1056
1066
1064
1025
1020
1005
1003
1004
991
1004
1035
1000
964
968
972
947
948
914
914
917
898
936
915
914
908
916
911
898
881
890
905
923
897
896
888
869
878
875
858
850
834
854
866
900
907
904
888
885
852
868
841
864
859
873
909
912
926
933
958
924
937
954
923
957
970
982
1004
995
1048575
1048575
1048575
1048575
1048575
1048575
1048575
1048575
1048575
1048575
1048575
1048575
1048575
1048575
1048575
1048575
1048575
1048575
1048575
1048575
1048575
1048575
1048575
1048575
1048575
1048575
1048575
1048575
1048575
1048575
1048575
1048575
1048575
1048575
1048575
1048575
1048575
1048575
1048575
1048575
1048575
1048575
1048575
1048575
5208
1048575
1048575
1048575
1048575
1048575
1048575
1048575
1048575
1048575
1048575
1048575
1048575
1048575
1048575
1048575
1048575
1048575
1048575
1048575
1048575
1048575
1048575
1048575
1048575
1048575
1048575
1048575
1048575
1048575
1048575
1048575
1048575
1048575
12146
1048575
1048575
1048575
1048575
1048575
1048575
1048575
1048575
1048575
1048575
1048575
1048575
1048575
1048575
1048575
1048575
1048575
1048575
1048575
1048575
1048575
1048575
1048575
1048575
1048575
1048575
1048575
1048575
1048575
1048575
1048575
1048575
1048575
1048575
1048575
1048575
1048575
