1048575
1048575
1048575
1048575
1048575
1048575
1048575
1048575
1048575
1048575
1048575
1048575
1048575
1048575
1048575
1048575
1048575
1048575
1048575
1048575
1048575
1048575
1048575
1048575
1048575
1048575
1048575
1048575
1048575
1048575
1048575
1048575
1048575
1048575
1048575
1048575
1048575
1048575
1048575
1048575
1048575
1048575
1048575
1048575
1048575
1048575
1048575
1048575
1048575
1048575
1048575
1048575
1048575
1048575
1048575
1048575
1048575
1048575
1048575
1048575
1048575
1048575
1048575
1048575
1048575
1048575
1048575
1048575
1048575
1048575
1048575
1048575
1048575
1048575
1048575
1048575
1048575
1048575
1048575
1048575
1048575
1048575
1048575
1048575
1048575
1048575
1048575
1048575
1048575
1048575
1048575
1048575
1048575
1048575
1048575
1048575
1048575
1048575
1048575
1048575
1048575
1048575
1048575
5584
5517
5489
5510
5499
5499
5488
5492
5503
5480
5484
5474
5481
5484
5474
5471
5485
5491
5474
5490
1048575
1048575
1048575
1048575
1048575
1048575
1048575
1048575
1048575
1048575
1048575
1048575
1048575
1048575
10114
10073
10130
10139
10135
1048575
1048575
1048575
1048575
1048575
1048575
1048575
1048575
1048575
1048575
1048575
1048575
1048575
1048575
1048575
1048575
1048575
1048575
1048575
1048575
1048575
1048575
1048575
1048575
1048575
1048575
1048575
1048575
1048575
1048575
1048575
1048575
1048575
1048575
1048575
1048575
1048575
1048575
1048575
1048575
1048575
1048575
1048575
1048575
1048575
1048575
1048575
1048575
1048575
1048575
1048575
1048575
8819
1048575
1048575
1048575
1048575
1048575
1048575
1048575
1048575
1048575
1048575
1048575
1048575
1048575
1048575
1048575
1048575
1048575
8643
8600
1048575
1048575
1048575
1048575
1048575
1048575
1048575
1048575
1048575
1048575
1048575
1048575
1048575
1048575
1048575
1048575
1048575
1048575
1048575
1048575
1048575
1048575
1048575
1048575
1048575
1048575
1048575
8864
8878
8846
8854
8882
8841
8824
8814
8817
8802
8803
8803
8753
8762
8765
8741
8720
8720
8716
8742
8722
8740
8651
8713
8675
8679
8653
8672
8611
8624
8613
263
8610
8636
8595
269
224
8559
8561
8562
269
8553
236
260
8537
352
8512
218
321
8457
8470
8468
379
8462
290
8423
315
1048575
285
292
231
279
273
322
257
8328
310
8348
280
8291
342
254
6410
6439
223
6386
317
265
330
6384
258
313
6397
6393
327
318
299
364
252
246
247
311
1048575
1048575
1048575
449
341
8223
314
445
318
290
466
486
542
443
494
597
568
692
606
608
624
633
695
634
734
714
631
696
708
764
783
788
791
806
814
814
817
799
801
802
783
798
803
802
815
778
812
805
790
805
811
801
806
792
801
807
770
819
795
804
818
800
797
809
803
795
784
802
806
797
798
802
800
772
797
819
788
800
772
794
806
804
803
792
793
799
803
789
804
777
794
803
797
803
802
788
787
811
786
797
791
785
786
801
775
802
777
764
756
757
713
726
705
707
700
710
693
705
686
700
677
691
700
717
674
681
686
685
675
687
680
677
684
690
692
678
690
685
668
670
683
677
671
673
683
676
669
665
664
677
677
663
670
667
684
681
662
667
675
663
667
656
670
652
682
666
667
640
665
667
658
657
663
666
663
657
673
652
666
646
655
644
647
652
655
666
650
654
657
657
662
638
647
637
656
639
648
642
641
642
644
653
649
640
651
654
647
670
639
651
630
631
650
631
639
638
629
639
634
644
638
619
636
636
631
627
627
628
620
626
639
638
618
610
625
607
622
634
616
626
623
609
636
614
625
602
610
630
630
618
629
614
625
612
598
617
607
611
605
607
615
614
619
619
610
602
612
597
607
618
618
594
610
599
602
612
607
603
615
594
597
605
577
608
604
584
619
615
597
600
602
592
600
597
601
579
597
596
580
590
601
603
610
600
581
592
603
594
597
596
587
572
584
588
577
584
592
586
583
578
578
566
577
579
579
576
572
586
572
566
588
593
589
577
564
582
598
576
595
578
575
586
580
577
574
578
577
590
568
561
549
559
579
576
589
583
587
594
588
570
559
571
580
570
572
579
576
574
581
578
565
579
572
563
587
575
578
566
563
554
554
567
571
572
572
578
587
573
574
565
577
574
590
574
558
582
583
576
570
566
569
567
586
570
559
577
575
570
578
569
582
563
572
577
576
556
556
568
573
581
560
573
569
576
572
569
570
572
557
568
569
589
563
599
578
577
569
568
571
569
591
570
572
579
572
565
589
570
577
569
564
584
585
574
595
562
568
573
571
583
576
562
588
577
599
570
577
566
564
581
579
578
557
590
573
599
583
583
579
587
591
600
589
595
580
595
582
607
577
589
572
589
591
584
600
568
586
578
574
576
581
597
587
591
592
590
598
607
592
587
596
597
587
605
583
588
590
576
606
590
598
587
594
593
589
601
578
598
602
596
598
599
612
607
594
598
583
589
614
597
605
609
586
607
598
591
591
594
608
603
619
592
603
594
599
602
598
591
607
608
602
601
611
589
619
593
590
589
595
597
618
601
602
598
604
614
594
608
586
604
604
618
602
611
602
601
602
614
612
613
621
610
608
604
622
619
585
583
574
579
579
589
556
577
579
567
580
570
575
584
569
570
579
582
579
563
569
581
563
570
555
561
559
553
568
565
558
541
549
545
559
538
528
519
523
505
528
519
513
520
513
519
518
518
520
501
520
516
520
515
517
522
511
516
509
526
507
510
506
502
522
516
522
513
485
511
500
492
516
517
514
510
511
518
494
519
495
519
513
498
495
510
498
491
485
494
493
505
501
506
494
500
506
500
498
507
501
498
518
487
494
493
495
496
491
484
495
517
477
505
478
499
486
497
498
489
470
481
488
482
505
485
492
479
480
474
496
476
487
498
488
463
489
475
485
488
460
484
494
464
484
480
474
474
492
456
483
465
493
484
475
483
488
468
493
477
468
484
478
478
468
464
476
455
470
469
467
473
470
476
466
481
480
458
465
455
465
474
476
470
471
471
467
484
467
473
488
477
492
484
470
467
464
488
477
475
486
461
454
472
481
468
484
468
466
490
458
481
488
487
471
485
457
475
460
460
475
476
480
466
481
470
470
474
489
493
479
493
473
484
478
469
491
464
501
492
478
463
479
466
482
485
466
482
460
469
498
466
464
486
489
491
480
480
496
481
474
486
476
476
497
474
488
485
493
487
488
493
484
495
493
492
483
502
484
480
488
508
492
486
485
496
488
492
496
504
508
500
507
489
487
492
507
501
503
499
478
488
490
498
478
477
470
470
473
451
452
459
482
438
460
465
452
486
458
445
473
473
467
470
481
460
459
455
448
475
411
423
459
404
461
483
457
428
463
418
410
410
433
402
417
373
377
371
3466
3481
3470
3481
3477
3470
3486
3473
3455
3481
3480
3478
3466
3488
3473
3470
3474
3484
3483
3483
3467
3476
3471
3478
3480
3481
3477
3475
3477
3468
3485
3477
3472
3477
3480
3479
3478
3467
3483
3481
3486
3475
3466
3460
3492
3491
3529
3549
3516
3523
3491
3486
3494
3498
3483
3475
3456
3421
3383
3261
3140
3113
3096
3068
3071
3057
3077
3066
3052
3023
3034
3036
3037
3030
3048
3049
3055
3061
3055
3064
3050
1998
1940
1971
1951
2398
2298
2138
2084
2044
1993
1973
1982
1962
1977
1960
1961
1956
1967
1964
1951
1950
1942
1947
1948
1940
1948
1950
1939
1940
1930
1923
1916
1931
1925
1917
1925
1919
1916
1905
1913
1902
1907
1911
1890
1887
1893
1895
1885
1889
1871
1885
1877
1878
1881
1887
1853
1864
1862
1862
1859
1867
1857
1853
1840
1852
1859
1853
1845
1858
1856
1849
1850
1841
1844
1838
1840
1839
1842
1833
1844
1847
1852
1834
1845
1834
1838
1832
1837
1838
1839
1836
1829
1839
1836
1846
1834
1828
1827
1840
1840
1839
1842
1837
1828
1822
1843
1832
1832
1822
1849
1835
1836
1838
1821
1841
1835
1829
1836
1834
1831
1836
1819
1827
1834
1839
1814
1827
1824
1829
1849
1833
1840
1845
1820
1846
1832
1832
1844
1831
1830
1843
1835
1837
1843
1840
1850
1839
1845
1839
1829
1849
1841
1836
1842
1850
1843
1835
1854
1854
1815
1850
1842
1846
1842
1852
1855
1860
1858
1853
1863
1857
1866
1877
1852
1870
1858
1873
1880
1860
1862
1879
1865
1875
1879
1884
1882
1893
1883
1888
1899
1881
1891
1886
1892
1896
1910
1903
1878
1863
1872
1861
1867
1863
1864
1860
1874
1847
1815
1799
1784
1789
1794
1793
1796
1792
1795
1805
1794
1794
1788
1783
1794
1784
1790
1783
1788
1786
1785
1772
1767
1761
1750
1754
1733
1744
1750
1734
1729
1733
1732
1743
1737
1735
1747
1746
1734
1753
1750
1730
1768
1762
1756
1842
2078
2569
2548
2558
2562
2545
2532
2554
2535
2536
2542
2537
2540
2535
2527
2521
2529
2538
2529
2522
2533
2519
2526
2518
2521
2506
2527
2522
2516
2509
2514
2507
2512
2509
2490
2506
2504
2519
2510
2521
2509
2514
269
228
200
226
258
299
293
200
272
255
265
260
264
267
243
253
245
277
274
290
293
280
279
313
303
275
292
250
250
280
314
264
268
269
273
301
267
239
252
276
298
296
293
300
281
250
306
259
276
304
270
301
298
278
301
284
288
300
251
301
290
269
268
298
281
276
277
283
258
285
273
290
301
289
296
305
279
288
289
276
292
278
262
284
272
273
287
283
282
264
303
277
263
290
269
270
284
274
276
280
294
278
290
270
285
290
265
274
273
294
277
268
295
264
276
296
282
293
288
291
263
305
271
267
280
278
273
294
273
279
283
294
291
277
271
280
263
282
299
288
297
311
257
297
277
301
279
290
274
279
292
309
265
264
278
314
282
264
259
282
270
291
282
274
279
257
264
262
284
294
287
298
280
301
300
287
261
290
311
307
285
270
259
287
298
277
295
262
270
275
265
278
289
289
295
275
271
289
281
294
287
257
303
264
269
302
280
280
283
298
282
293
276
279
279
269
288
297
277
278
284
296
278
280
303
269
302
311
282
292
286
262
287
272
269
295
272
265
292
293
294
301
261
260
271
272
290
290
279
301
274
264
280
301
293
285
268
288
272
289
285
294
278
285
269
295
285
273
298
284
297
282
276
275
303
297
303
288
300
294
266
292
306
298
287
298
306
279
306
286
294
299
293
294
291
303
281
312
298
289
290
290
288
308
291
288
280
297
277
283
274
291
295
286
297
302
290
269
310
277
297
292
265
278
288
320
275
307
298
281
301
280
316
290
298
314
279
300
307
291
292
308
282
302
310
320
319
297
299
299
305
285
318
271
308
328
274
307
298
286
307
320
303
313
312
308
318
309
291
286
303
283
300
299
287
273
316
312
292
301
287
308
333
313
302
274
305
256
303
323
295
310
306
311
309
293
296
289
285
294
307
308
298
320
308
315
322
316
288
336
309
317
293
306
318
307
319
305
328
306
301
274
308
312
316
317
319
296
309
315
289
316
299
293
276
309
323
322
313
307
310
304
288
312
323
283
302
309
312
293
311
314
323
319
297
309
340
322
308
319
304
314
310
306
287
319
285
305
298
282
322
314
284
298
339
304
339
330
310
323
331
329
332
311
326
319
318
314
309
329
323
313
315
316
305
327
329
304
298
312
331
318
320
272
322
330
322
330
319
318
307
283
318
322
338
334
341
346
329
333
330
298
320
317
335
341
302
303
316
340
338
335
323
327
322
326
330
311
316
310
324
334
337
328
344
323
351
314
354
319
326
335
315
345
346
303
322
332
339
308
367
333
331
323
342
327
329
335
343
317
332
312
335
327
346
331
318
312
329
343
323
332
321
332
349
296
343
329
338
341
341
317
332
353
325
333
347
305
336
338
329
331
359
325
322
330
351
316
359
337
328
325
286
324
306
337
317
315
359
327
324
310
346
299
308
354
320
347
324
357
511
552
574
549
571
590
581
566
557
570
562
547
508
544
547
530
565
524
533
523
528
515
510
499
523
478
508
430
436
410
388
388
381
347
358
363
356
343
338
359
350
355
347
355
353
357
344
340
350
355
333
343
350
341
336
359
333
328
340
349
330
334
345
329
328
333
326
336
335
315
337
328
330
340
335
330
328
327
323
341
324
327
331
323
319
334
325
319
337
315
320
331
319
316
338
318
322
330
330
324
325
319
328
317
328
308
328
336
338
313
336
334
315
325
315
332
328
323
329
333
322
314
312
317
329
328
325
326
330
324
311
319
321
306
323
328
328
320
319
324
313
312
322
315
320
302
320
317
316
306
311
315
307
298
311
305
321
305
321
317
310
323
318
310
292
317
301
312
308
307
317
303
327
303
317
307
311
307
319
319
310
304
312
318
303
308
313
301
312
314
314
305
301
315
306
302
300
324
314
303
296
287
299
308
310
317
310
313
308
316
314
290
296
304
320
313
302
304
298
307
298
304
295
310
312
302
303
297
320
306
295
313
306
293
309
321
297
287
299
296
297
289
311
297
304
302
303
306
297
309
303
311
285
289
291
294
289
306
310
287
299
298
292
287
301
279
290
311
285
287
291
285
301
295
293
297
292
284
292
284
292
286
306
292
288
293
293
291
302
282
298
308
287
305
297
279
310
281
306
275
293
294
283
286
285
290
297
300
279
295
310
276
298
289
283
307
291
281
281
282
299
285
285
284
280
278
279
278
278
288
295
275
273
287
293
277
279
295
287
271
276
273
286
291
286
273
280
292
271
290
293
264
294
289
284
274
290
292
279
270
266
290
282
266
274
287
287
289
284
269
274
269
284
277
285
269
274
273
284
295
275
270
291
268
268
273
286
284
275
290
275
266
281
258
276
286
273
280
290
273
275
269
265
280
278
272
269
283
287
280
281
262
288
275
280
265
276
279
268
267
286
271
266
284
261
282
283
262
291
266
266
284
265
267
273
255
275
287
270
273
273
258
267
273
281
282
273
275
274
264
272
284
270
286
268
280
262
281
263
268
272
292
275
262
273
271
257
265
265
266
282
265
278
281
275
270
262
272
255
285
280
276
270
261
262
287
280
263
261
271
264
279
278
272
288
280
249
275
292
269
267
273
282
267
287
264
288
273
268
266
284
265
279
276
273
271
293
278
287
296
292
291
294
280
277
291
295
284
292
285
289
296
301
299
290
306
298
313
311
307
295
292
304
306
316
313
312
298
296
315
307
307
296
315
314
328
314
317
310
330
323
329
344
317
329
335
337
330
322
328
328
336
339
329
340
326
342
347
343
332
333
363
352
337
348
357
334
351
341
361
363
367
366
378
363
360
369
368
364
359
367
358
362
367
369
368
370
377
395
380
391
385
392
379
395
389
400
392
385
382
398
403
400
397
396
398
397
404
402
412
413
426
409
432
419
428
420
430
429
430
431
438
433
436
415
440
447
443
443
455
445
458
456
465
464
475
475
480
476
506
507
498
525
538
495
518
542
530
526
534
529
539
537
540
557
548
528
535
555
541
552
577
542
537
551
520
563
555
565
546
566
551
552
561
552
551
545
554
567
568
568
576
537
561
580
580
592
578
571
567
577
576
576
577
587
587
575
574
578
585
589
580
579
563
574
600
586
589
591
589
582
593
583
589
605
608
591
601
611
581
605
594
593
603
596
627
590
622
604
621
614
625
604
616
610
625
610
627
612
626
623
600
613
627
641
618
639
629
624
633
628
636
637
630
627
636
646
643
643
644
655
657
641
653
642
654
680
650
665
676
675
658
679
679
678
678
662
680
683
669
681
693
672
650
685
695
683
690
698
702
718
714
701
709
702
692
719
709
725
715
727
713
717
708
723
727
720
743
725
736
732
716
727
732
732
733
736
739
724
757
747
750
745
758
751
770
743
756
761
764
765
758
760
768
782
754
793
775
758
765
803
763
775
778
777
795
796
793
811
800
800
845
894
904
944
1012
1053
1127
817
892
1951
1960
1949
1954
1962
1956
1951
1945
1921
1908
1915
1913
1913
1925
1931
1920
1911
1913
1907
1908
1926
1912
1911
1906
1908
1905
1919
1917
1926
1918
1917
1919
1934
1922
1918
1923
1914
1917
1933
1938
1927
1927
1912
1923
1922
1918
1923
1920
1918
1925
1926
1930
1916
1909
1937
1930
1948
1983
1976
1973
1976
1975
1985
1977
1989
1985
1968
1987
2015
1998
1982
1999
2039
1987
1973
1995
2007
2017
1994
1981
2003
1968
1048575
1048575
1048575
1048575
1048575
2065
1048575
2096
2056
2025
1983
2019
1998
1992
1048575
1985
1991
1994
1957
2033
1048575
1048575
1048575
1048575
1048575
1048575
1048575
1048575
2028
2004
2063
2043
2031
2039
2071
2097
2130
2165
2198
2209
2182
2191
2200
2204
2269
2273
2305
2289
2295
2280
2261
2298
2300
2298
2308
2306
2299
2289
2269
2246
2260
2255
2228
2237
2249
2216
2235
2228
2245
2271
2217
2184
2150
2166
1048575
1048575
1048575
1048575
2051
1048575
2090
1048575
1048575
1048575
1048575
1048575
1048575
1048575
1048575
1048575
1048575
1048575
1048575
1048575
1048575
1048575
1048575
1048575
1048575
1048575
1048575
1048575
1048575
4473
4457
4477
4467
4459
4451
4500
4486
4522
4502
4510
4530
4514
4513
4507
4536
4556
4557
4551
4549
4538
4555
4559
4561
4548
4589
4587
4569
4575
4581
4603
4617
4610
1048575
1048575
1048575
1048575
1048575
1818
1738
1719
1672
1653
1660
1651
1651
1650
1636
1623
1630
1613
1610
1614
1570
1577
1575
1549
1515
1509
1484
1434
1349
1269
1215
1187
1143
1104
1086
1060
1069
1070
1068
1062
1073
1076
1074
1058
1083
1087
1084
1108
1082
1101
1096
1084
1098
1091
1082
1085
1087
1088
1079
1087
1065
1085
1101
1093
1106
1108
1106
1126
1127
1123
1100
1085
1115
1087
1081
1091
1045
1064
1066
1070
1061
1093
1081
1073
1073
1072
1061
1075
1067
1073
1070
1055
1075
1059
1080
1088
1100
1079
1076
1089
1055
1070
1075
1067
1047
1062
1057
1054
1058
1055
1069
1072
1058
1068
1071
1068
1068
1071
1070
1064
1051
1051
1048
1047
1052
1059
1062
1077
1120
1121
1206
1301
1433
1581
1627
1635
1605
1604
1581
1598
1621
1592
1532
1489
1310
1177
1184
1175
1175
1186
1185
1169
1128
1005
935
900
904
901
899
892
911
876
874
887
873
867
880
886
892
867
887
888
892
880
867
900
883
876
875
860
885
854
858
852
848
854
868
849
846
863
832
840
863
838
871
848
853
837
852
846
845
852
866
847
860
860
855
860
846
849
861
843
866
861
854
851
858
851
853
865
863
861
857
880
849
860
864
883
874
864
898
914
939
957
943
949
919
956
964
951
980
1048575
1048575
1048575
1048575
1048575
1048575
1048575
1048575
1048575
1048575
1048575
1048575
1048575
1048575
1048575
1048575
1048575
1048575
7184
7159
1048575
1048575
1048575
7108
7177
1048575
1048575
1048575
1048575
1048575
1048575
1048575
1048575
1048575
1048575
1048575
921
871
989
884
969
1048575
914
861
905
887
1048575
1048575
896
837
1048575
1048575
2588
2583
2562
2561
2578
2554
2539
2533
2545
2550
2538
2552
2532
2528
2532
2532
2525
2511
2502
2488
2478
2464
2449
2455
2457
2450
2413
2378
2374
2377
2355
2372
2356
2360
2354
2352
2358
2359
2355
2353
2361
2356
2349
2340
2350
2350
2366
2358
2363
2365
2389
2376
2353
2365
2375
2363
2335
2339
2360
2367
2366
2363
2370
2371
2372
2393
2379
544
521
513
501
560
540
539
564
529
544
500
559
544
559
566
563
540
509
538
529
759
784
764
740
782
748
753
731
677
639
598
612
611
611
601
604
600
589
576
580
583
564
573
581
580
581
580
583
579
570
566
562
592
565
569
568
575
556
555
579
581
561
566
580
561
568
574
561
580
565
560
562
555
587
567
567
559
572
564
562
558
536
562
550
544
559
553
535
563
554
556
537
550
528
564
554
535
534
558
535
528
555
555
546
545
536
551
537
532
544
548
532
551
558
538
528
535
539
531
523
541
526
540
548
519
518
542
539
546
516
543
542
521
515
518
537
530
549
535
512
526
519
513
522
526
514
535
525
532
521
505
519
538
526
517
524
534
525
510
517
526
504
498
529
527
514
495
497
514
530
520
525
510
518
507
505
520
526
508
509
510
519
509
513
502
508
508
502
507
508
501
494
503
490
522
506
505
515
507
506
523
519
508
507
514
512
511
530
513
507
522
520
497
518
520
515
515
525
528
519
509
522
532
508
508
528
527
528
527
526
518
528
530
534
540
513
515
535
526
536
525
521
551
539
523
541
540
517
536
556
542
524
535
530
527
532
539
521
543
553
538
540
545
540
534
539
551
536
552
548
546
540
557
537
561
570
539
566
533
531
565
559
553
568
565
563
565
550
569
555
555
570
566
573
553
558
548
578
537
566
563
567
549
577
573
558
558
566
556
553
577
568
576
567
569
575
576
571
576
578
568
584
582
567
559
592
584
601
608
581
585
587
592
582
583
603
568
590
595
615
591
566
579
587
572
600
597
607
600
613
612
595
589
622
608
601
617
606
609
600
614
614
615
611
625
610
620
631
613
623
615
618
627
626
625
617
646
629
620
638
636
625
629
653
635
629
622
634
623
637
654
639
621
649
638
630
644
635
649
658
652
642
661
659
644
651
645
657
650
658
662
665
662
662
652
672
670
675
666
685
660
675
676
680
665
666
667
667
689
676
679
678
676
690
683
707
686
679
701
700
689
709
698
702
696
697
706
687
691
696
704
708
707
705
705
696
719
699
695
724
712
720
723
726
715
725
721
725
745
723
740
772
775
794
820
851
926
1011
1018
1088
1107
1141
1096
1161
1172
1137
1222
1159
1200
1201
1243
1245
1241
1259
1227
1227
1312
1307
1260
1277
1269
1211
1237
1200
1224
1271
1189
1194
1240
1187
1161
1232
1232
1177
1185
1147
1172
1182
1191
1158
1177
1121
1165
1172
1167
1166
1113
1145
1112
1124
1152
1104
1083
1107
1063
1087
1107
1064
1068
1080
1094
1079
1083
1089
1091
1103
1089
1087
1050
1064
1093
1026
1054
1088
1040
1082
1060
1067
1062
1051
1086
1066
1075
1049
1069
1078
1060
1099
1108
1097
1105
1098
1113
1136
1147
1153
1098
1095
1148
1130
1133
1123
1115
1149
1103
1117
1089
1122
1130
1074
936
865
845
888
876
892
903
871
851
853
829
803
823
836
804
814
801
814
818
810
825
810
803
813
810
800
829
820
819
823
795
801
788
799
795
812
807
807
798
790
792
821
810
802
792
816
790
811
811
824
810
801
817
824
819
838
829
813
825
810
830
826
796
818
808
833
817
810
796
821
803
800
800
795
794
807
791
810
788
798
788
805
804
793
798
806
800
786
780
779
805
794
809
786
786
794
807
798
795
771
791
808
813
809
792
819
806
808
804
806
805
831
805
840
831
815
834
845
834
831
838
823
833
3008
2985
2982
2991
2976
2995
2971
2987
2974
2936
2978
3001
2979
2948
2986
2997
2970
2948
2986
2982
2964
2983
2987
2974
2997
2957
2954
2953
2961
2964
6110
6132
6131
6144
6179
6203
6219
6239
6258
6263
6299
6308
6323
6356
739
764
711
828
724
833
734
676
742
759
736
754
720
749
696
784
733
763
749
730
756
795
758
743
734
781
765
762
765
760
765
769
740
768
758
759
766
768
751
752
749
800
788
746
768
785
788
791
810
792
778
776
785
798
830
845
842
855
868
822
810
770
779
771
795
786
816
813
802
843
917
976
1016
1038
1033
1036
1023
1025
1030
1032
1038
1027
1049
1048
1051
1029
1049
1039
1043
1045
1048
1064
1089
1079
1086
1107
1090
1099
1110
1096
1095
1089
1085
1073
1049
1028
1043
1024
1030
1032
1003
1031
1035
1025
1040
1017
1041
1035
1017
1036
1026
1025
1017
1031
1035
1045
1035
1038
1041
1045
1035
1044
1028
1055
1045
1042
1039
1036
1052
1041
1035
1037
1039
1045
1017
1048
1042
1032
1042
1046
1036
1023
1042
1039
1040
1043
1050
1038
1035
1037
1039
1045
1051
1037
1035
1030
1041
1036
1035
1042
1038
1044
1050
1037
1043
1057
1035
1042
999
998
1015
825
702
757
732
701
702
649
638
537
482
406
394
434
400
361
357
378
357
351
321
346
344
367
332
351
344
364
358
325
350
330
329
346
352
333
343
338
328
302
345
328
282
249
301
4866
4879
4857
4855
4868
4852
4873
4878
4871
4866
4847
4843
4865
4846
4864
4864
4847
4863
4849
4851
4864
4864
4864
4853
4862
4860
4851
4866
4859
4862
4862
4868
4857
4858
4855
4849
4860
4864
4847
4857
4855
4845
4864
4862
4868
4856
4854
4853
4854
4855
4856
4856
4851
4860
4851
4853
4860
4849
4861
4847
4843
4851
4859
4844
4849
4846
4844
4852
4860
4846
4855
4856
4862
4868
4856
4851
4844
4859
4848
4864
4860
4838
4853
4834
4844
3710
3743
4214
4094
3909
3848
3826
3808
3813
3814
3813
3808
3823
3808
768
810
817
765
840
814
797
794
802
810
835
800
789
810
808
823
801
821
806
882
907
907
898
923
898
881
900
862
837
812
807
806
817
819
811
816
809
788
803
795
806
806
806
802
797
804
795
820
809
798
794
786
799
805
808
791
806
808
782
800
790
789
801
808
818
798
807
815
815
801
792
796
794
801
807
816
792
794
798
787
805
808
811
790
798
806
788
787
794
800
803
811
784
793
809
800
800
776
807
784
772
813
830
804
798
790
783
782
793
802
780
3778
3764
3762
3764
3767
3757
3773
3776
3767
3785
3773
3780
3774
3785
3767
3774
3784
3763
3775
3767
3765
3789
3777
3764
3778
3779
3772
3783
3789
3764
3771
3795
3778
3783
3787
3784
3785
3777
3787
3769
3792
3785
3777
3786
3780
3794
3799
3775
3803
3788
3794
3790
3784
3794
3787
3789
3795
3798
3800
3791
3800
3791
3794
3802
3806
3801
3804
3787
3809
3798
3798
3807
3800
3796
3815
3802
3801
3808
3801
3803
3827
3801
3805
3807
3810
3803
3805
3817
3817
3820
3813
3813
3823
3823
3809
3827
3816
3832
3818
3820
3822
3832
3822
3816
3826
3824
3824
3836
3829
3826
3829
3833
3824
3822
3818
3830
3823
3827
3837
3835
3825
3840
3831
3846
3838
3839
3836
3848
3840
3841
3849
3836
3832
3852
3835
3852
3856
3852
3855
3860
3856
3861
3836
3868
3848
3841
3860
3854
3858
3857
3854
3864
3870
3860
3876
3863
3858
3864
3876
3859
3872
3862
3880
3869
3858
3863
3888
3870
3868
3876
3863
3883
3895
3874
3878
3886
3880
3882
3880
1444
1566
1590
1586
1596
1550
1461
1390
1337
1292
1294
1285
1285
1278
1273
1265
1270
1275
1263
1261
1271
1259
1260
1251
1248
1246
1238
1233
1229
1227
1207
1211
1039
1085
889
971
949
872
929
904
885
891
825
871
825
792
811
775
759
752
747
718
708
681
647
601
559
542
551
534
550
554
529
552
533
541
553
536
553
539
549
542
534
532
550
543
545
544
533
551
527
541
538
548
558
542
552
555
522
546
565
545
530
548
538
554
539
533
545
555
543
546
545
541
535
528
512
536
537
522
517
545
545
583
610
639
626
654
646
667
680
670
659
676
658
667
639
622
602
585
556
518
523
516
539
532
511
530
548
543
534
535
521
550
547
522
539
549
535
552
521
536
533
534
536
547
552
537
552
550
538
513
548
546
541
559
542
551
554
522
534
559
550
565
528
554
555
550
537
545
550
551
545
541
547
562
565
555
588
648
661
717
697
700
699
732
757
767
763
752
762
795
766
775
803
780
790
821
803
816
825
812
830
823
785
805
797
841
863
834
832
830
848
832
834
825
803
805
805
846
821
841
781
835
789
808
807
773
822
839
835
847
837
841
809
843
813
800
838
811
844
799
816
855
808
811
846
863
836
839
833
839
829
864
871
828
831
865
833
846
848
858
867
893
832
819
870
862
842
857
845
851
823
862
838
824
899
864
870
874
899
870
870
830
912
922
920
881
912
915
883
889
869
934
925
810
926
936
909
875
906
1002
926
922
933
924
977
961
909
964
979
864
952
950
996
1018
998
1047
1070
1013
1073
599
1046
990
514
1116
1438
1432
1449
1452
1471
1487
1484
495
526
1483
474
530
487
1487
502
513
568
1508
1500
1508
1500
1485
1489
1494
1480
1491
547
1481
1476
1486
473
571
1048575
485
1470
1476
1472
1457
1471
506
1485
519
1452
421
1474
1480
1471
1478
1461
1467
1481
1490
1472
521
1469
1460
1466
1455
1473
574
1457
1470
1481
1452
1458
1465
1459
1474
1462
1463
1485
1457
1479
1467
1450
1449
1458
1469
1471
1475
1476
1474
1444
1474
1469
1475
1472
1473
1469
1464
1482
1475
1480
1481
1463
1474
1486
1469
1480
1488
1475
1470
1479
1480
1476
1483
1462
1478
1471
1478
1470
1453
1471
1450
558
1439
1197
1172
1192
1265
1130
1186
1098
1095
1085
1147
1042
1053
1038
1019
1048
1011
1009
954
933
871
886
829
765
773
748
733
738
737
721
715
726
733
734
720
746
729
733
731
700
733
748
722
719
729
723
739
738
740
720
731
710
734
713
705
733
713
724
735
729
739
737
727
738
731
725
718
732
711
714
743
727
748
726
744
758
726
728
727
738
739
739
722
725
737
749
729
730
727
723
740
720
752
749
750
726
728
719
729
722
739
735
733
734
752
736
727
734
745
735
723
726
734
731
736
723
713
757
732
754
736
734
743
741
740
741
736
741
744
734
742
739
746
737
765
750
775
785
751
713
708
735
776
743
759
752
764
750
742
772
737
751
770
753
761
755
748
766
765
772
768
787
741
759
5389
835
1048575
5397
5410
5422
5431
5425
5424
5434
5438
5429
5436
5449
5461
5473
5462
5465
5485
5485
5499
5493
5493
5507
5514
5511
5513
5521
5534
5529
5531
5547
5550
5559
5554
5568
5577
5579
5594
5576
5590
5595
5603
5606
5621
5631
5623
5628
5634
5634
5643
5645
5657
5659
5678
5662
5680
5701
5691
5691
5702
5710
5715
5721
5732
5748
5738
5740
5739
5744
5761
5777
5771
5785
5773
5788
5797
5801
5797
5808
1048575
1048575
1048575
1048575
1048575
1048575
1048575
1048575
1048575
1048575
1048575
1048575
1048575
1048575
1048575
1048575
1048575
1048575
1048575
1048575
1048575
1048575
1048575
1048575
1048575
1048575
1048575
1048575
1048575
1048575
1048575
1048575
1048575
1048575
1048575
1048575
1048575
1048575
1048575
1048575
1048575
1048575
1048575
1048575
1048575
1048575
1048575
1048575
1048575
1048575
1048575
1048575
1048575
1048575
1048575
1048575
1048575
1048575
1048575
1048575
1048575
1048575
1048575
1048575
1048575
1048575
1048575
1048575
1048575
1048575
1048575
1048575
1048575
1048575
1048575
1048575
1048575
1048575
1048575
1048575
1048575
1048575
1048575
1048575
1048575
8094
8149
1048575
1048575
8228
8204
8244
8233
1182
1084
977
1001
1008
1084
1068
1022
1023
1034
1015
1010
1018
1043
997
984
991
911
987
860
803
785
759
739
718
708
685
689
704
678
667
681
662
658
658
656
637
639
625
641
648
630
631
630
625
619
645
624
640
625
638
641
623
638
626
618
588
582
565
560
534
482
464
462
460
454
455
425
433
445
450
459
443
443
446
433
440
425
440
416
436
438
449
439
424
421
432
449
426
446
435
425
436
432
428
432
428
412
428
426
444
437
424
447
433
427
434
418
419
451
420
434
422
404
443
444
423
430
418
424
428
428
431
421
427
425
454
427
444
435
446
445
462
460
466
471
476
482
471
458
484
477
476
493
473
469
469
481
487
483
485
472
462
470
478
481
473
491
462
481
471
466
458
474
481
450
463
462
473
474
445
460
446
472
460
454
469
474
490
499
497
476
486
490
491
479
464
479
476
465
381
1048575
1048575
1048575
1048575
1048575
1048575
1048575
1048575
1048575
1048575
1048575
1048575
1048575
1048575
1048575
1048575
1048575
1048575
1048575
1048575
1048575
1048575
1048575
1048575
1048575
1048575
1048575
1048575
1048575
311
284
331
298
303
314
328
314
346
330
338
345
338
336
339
316
309
319
325
322
307
273
272
1048575
1048575
1048575
1048575
1048575
1048575
1048575
1048575
1048575
1048575
1048575
1048575
1048575
1048575
1048575
1048575
1048575
1048575
1048575
1048575
1048575
1048575
1048575
1048575
318
342
395
350
385
351
381
403
385
390
405
387
387
393
389
393
396
405
413
367
365
286
310
1048575
1048575
1048575
1048575
4959
4960
4908
4952
4916
4886
4889
4915
5032
4919
4930
4887
4913
4919
4900
4947
4886
4911
4877
4913
4909
4898
4900
4883
4901
4915
4884
4838
4913
4894
4904
4880
4881
4893
4856
4886
4856
4886
4869
4878
4865
4870
4906
4853
4849
4850
4837
4870
4863
4848
4870
4838
4854
4863
4847
4855
4855
4852
4845
4842
4840
4856
4822
4840
4874
4855
4826
4857
4836
4867
4841
4839
4834
4828
4827
4813
4823
4816
4832
4823
4838
4830
4803
4820
4774
4824
4778
4822
4804
4814
4831
4810
4803
4815
4816
4787
4770
4826
4779
4810
4789
4779
4781
4781
4794
4773
4808
4781
4788
4798
4780
4769
4768
4783
4799
4782
4770
4759
4758
4755
4760
4782
4775
4729
4746
4746
4756
4750
4780
4756
4763
4744
4766
4765
4758
4752
4745
4741
4752
4725
4761
4760
4757
4746
4731
4730
4745
4720
4746
4724
4717
736
686
668
709
698
688
715
710
675
688
717
684
674
699
660
669
692
706
713
697
1048575
1048575
1048575
1048575
1048575
1048575
725
722
740
697
735
738
750
736
763
735
723
738
771
755
752
760
743
740
743
750
759
737
803
765
749
709
757
805
730
767
763
801
779
768
771
774
753
764
805
791
751
749
796
799
777
777
792
732
813
773
801
807
802
791
802
835
825
815
783
793
818
790
790
802
841
797
809
853
821
811
802
837
835
846
860
863
857
815
852
846
863
864
837
890
833
844
866
818
853
857
842
839
902
855
840
808
870
875
866
890
851
822
888
879
916
902
844
883
873
887
873
874
912
895
901
939
921
915
923
910
916
879
932
938
911
927
880
931
974
920
924
923
899
906
922
969
1048575
1005
904
942
1048575
934
935
1048575
914
956
963
962
944
930
1049
1007
1048575
964
941
1048575
1052
1048575
1004
1048575
924
931
988
938
1001
1048575
985
1000
1010
994
991
1048575
1013
970
1017
1092
996
1008
998
989
1026
1015
999
1022
1013
1031
1003
1004
1033
1030
1009
1000
1014
1013
1009
1013
1006
1017
1046
1029
1031
1034
1008
1030
1032
1093
4427
4418
4411
4423
4432
4399
4401
4393
4390
4397
4379
4364
4362
4364
4380
4367
4375
4378
4381
4365
4365
4381
4363
4359
4387
4371
4380
4352
4364
4364
4347
4344
4357
4352
4350
4352
4358
4372
4363
4374
4396
4389
4380
4382
4380
4390
4367
4357
4355
4388
4387
4375
4377
4381
4397
4408
4414
4421
4411
4428
4445
4433
4439
4463
4451
4453
4450
4424
4441
4448
4473
4469
4454
4465
4479
4489
4480
4478
4492
4468
4494
4499
4497
4502
4517
4492
4521
4528
4527
4523
4513
4526
4520
4520
4510
4503
4503
4523
4526
4525
4506
4511
4527
4481
4524
4510
4496
4503
4496
4491
4471
4467
4498
4507
4456
4457
4459
4440
4467
4454
4458
4441
4455
4461
4454
4435
4407
4377
4367
4367
4386
4383
4369
4349
4331
4344
4342
4330
4328
4330
4333
4324
4331
4339
4340
4325
4338
4337
4335
4330
4331
4337
4347
4450
4567
4610
4625
4625
4620
4612
4628
4612
4638
4617
4635
4637
4626
4627
4636
4648
4645
4629
4636
4631
4652
4633
4635
4636
4650
4637
4643
4646
4632
4643
4643
4650
4643
4648
4648
4665
4642
4637
4641
4649
4655
4636
4642
4646
4644
4650
4641
4662
4638
4661
4653
4650
4654
4669
4662
4667
4657
4645
4656
4667
4660
4663
4656
4656
4670
4657
4668
4667
4662
4661
4663
4672
4681
4675
4680
4660
4680
4673
4681
4685
4683
4675
4671
4682
4669
4688
4672
4680
4682
4686
4676
4689
4689
4683
4693
4693
4682
4696
4672
4687
4702
4701
4691
4697
4685
4704
4694
4693
4696
4702
4708
4709
4692
4694
4702
4697
4706
4715
4698
4712
4727
4704
4717
4714
4706
4726
4717
4713
4722
4712
4732
4734
4718
4728
4716
4713
4725
4733
4731
4718
4737
4721
4726
4729
4732
4746
4728
4727
4728
4726
4734
4732
4755
4734
4737
4729
4736
4747
4754
4742
4737
4754
4733
4755
4748
4751
4760
4746
4750
4749
4759
4751
4763
4750
4767
4768
4758
4756
4774
4767
4760
4774
4756
4768
4763
4769
4782
4776
4780
4778
4774
4775
4788
4785
4755
4783
4779
4786
4789
4785
4796
4791
4790
4791
4813
4801
4794
4793
4809
4794
4809
4784
4824
4807
4814
4799
4804
4808
4821
4806
4816
4819
4822
4820
4835
4826
4819
4822
4821
4831
4829
4828
1083
1036
1104
1105
1105
1100
1093
1083
1078
1087
1102
1083
1087
1117
1097
1078
1084
1100
1082
1075
1085
1115
1083
1078
1088
1092
1098
1079
1085
1081
1081
1082
1074
1073
1084
1062
1080
1061
1082
1077
1064
1070
1065
1058
1057
1073
1073
1044
1032
1056
1040
1041
1071
1045
1047
1033
1027
1030
982
997
1000
997
1007
1015
993
987
972
981
940
939
916
932
907
919
917
912
887
931
912
927
888
890
899
906
889
903
898
892
898
873
894
863
869
867
855
887
895
893
889
897
925
873
852
861
848
855
912
893
920
928
936
969
967
924
985
947
957
933
948
969
1048575
1048575
1048575
1048575
1048575
1048575
1048575
1048575
1048575
1048575
1048575
1048575
1048575
1048575
1048575
1048575
1048575
1048575
1048575
1048575
1048575
1048575
1048575
1048575
1048575
1048575
1048575
1048575
1048575
1048575
1048575
1048575
1048575
1048575
1048575
1048575
1048575
1048575
1048575
1048575
1048575
1048575
1048575
1048575
1048575
1048575
1048575
1048575
1048575
1048575
5176
1048575
1048575
1048575
5171
1048575
1048575
1048575
1048575
1048575
1048575
1048575
1048575
1048575
1048575
5178
1048575
1048575
1048575
1048575
1048575
1048575
1048575
1048575
1048575
1048575
1048575
1048575
1048575
1048575
1048575
1048575
1048575
1048575
1048575
1048575
1048575
1048575
1048575
12161
1048575
1048575
1048575
1048575
1048575
1048575
1048575
1048575
1048575
1048575
1048575
1048575
1048575
1048575
1048575
1048575
1048575
1048575
1048575
1048575
1048575
1048575
1048575
1048575
1048575
1048575
1048575
